Last login: Mon Jun 13 10:38:25 on ttys002
qpwoeirut@Stanleys-MacBook-Pro-3 machine_learning % ./train.sh
Compiled train.cpp!
Learning rate = 0.0002
Epoch #1 of 100
3 10000 (100)
4 10000 (100)
5 10000 (100)
6 10000 (100)
7 9980 (99.8)
8 9746 (97.46)
9 8309 (83.09)
10 3459 (34.59)
11 24 (0.24)
Moves: 576.15918 586
Score: 8840.0283 8452
Time: 6.874

Epoch #2 of 100
3 10000 (100)
4 10000 (100)
5 10000 (100)
6 10000 (100)
7 9994 (99.94)
8 9915 (99.15)
9 9240 (92.4)
10 5665 (56.65)
11 62 (0.62)
Moves: 667.74329 669
Score: 10686.713 11028
Time: 7.591

Epoch #3 of 100
3 10000 (100)
4 10000 (100)
5 10000 (100)
6 9999 (99.99)
7 9994 (99.94)
8 9942 (99.42)
9 9465 (94.65)
10 6393 (63.93)
11 81 (0.81)
Moves: 686.70343 687
Score: 11120.414 11544
Time: 7.621

Epoch #4 of 100
3 10000 (100)
4 10000 (100)
5 10000 (100)
6 9999 (99.99)
7 9992 (99.92)
8 9951 (99.51)
9 9619 (96.19)
10 6987 (69.87)
11 104 (1.04)
Moves: 712.0722 707
Score: 11623.659 11964
Time: 7.897

Epoch #5 of 100
3 10000 (100)
4 10000 (100)
5 10000 (100)
6 10000 (100)
7 9992 (99.92)
8 9947 (99.47)
9 9658 (96.58)
10 7486 (74.86)
11 143 (1.43)
Moves: 725.23462 716
Score: 11936.939 12080
Time: 8.01

Epoch #6 of 100
3 10000 (100)
4 10000 (100)
5 10000 (100)
6 10000 (100)
7 9995 (99.95)
8 9968 (99.68)
9 9707 (97.07)
10 7854 (78.54)
11 183 (1.83)
Moves: 736.91467 723
Score: 12205.033 12156
Time: 8.986

Epoch #7 of 100
3 10000 (100)
4 10000 (100)
5 10000 (100)
6 9999 (99.99)
7 9997 (99.97)
8 9970 (99.7)
9 9769 (97.69)
10 8002 (80.02)
11 241 (2.41)
Moves: 743.46851 724
Score: 12362.825 12164
Time: 8.975

Epoch #8 of 100
3 10000 (100)
4 10000 (100)
5 10000 (100)
6 9999 (99.99)
7 9996 (99.96)
8 9971 (99.71)
9 9764 (97.64)
10 8164 (81.64)
11 305 (3.05)
Moves: 764.21948 738
Score: 12759.572 12332
Time: 9.061

Epoch #9 of 100
3 10000 (100)
4 10000 (100)
5 10000 (100)
6 9999 (99.99)
7 9997 (99.97)
8 9974 (99.74)
9 9761 (97.61)
10 8236 (82.36)
11 406 (4.06)
Moves: 779.52118 755
Score: 13056.706 12548
Time: 9.288

Epoch #10 of 100
3 10000 (100)
4 10000 (100)
5 10000 (100)
6 9999 (99.99)
7 9997 (99.97)
8 9980 (99.8)
9 9748 (97.48)
10 8270 (82.7)
11 422 (4.22)
Moves: 775.29547 747
Score: 13006.727 12440
Time: 8.812

Epoch #11 of 100
3 10000 (100)
4 10000 (100)
5 10000 (100)
6 10000 (100)
7 9995 (99.95)
8 9963 (99.63)
9 9744 (97.44)
10 8367 (83.67)
11 586 (5.86)
Moves: 790.61389 768
Score: 13336.835 12780
Time: 9.133

Epoch #12 of 100
3 10000 (100)
4 10000 (100)
5 10000 (100)
6 10000 (100)
7 9996 (99.96)
8 9974 (99.74)
9 9785 (97.85)
10 8438 (84.38)
11 672 (6.72)
Moves: 800.76428 781
Score: 13552.355 12990
Time: 9.842

Epoch #13 of 100
3 10000 (100)
4 10000 (100)
5 10000 (100)
6 10000 (100)
7 9996 (99.96)
8 9969 (99.69)
9 9785 (97.85)
10 8451 (84.51)
11 719 (7.19)
Moves: 805.61292 788
Score: 13663.674 13148
Time: 9.285

Epoch #14 of 100
3 10000 (100)
4 10000 (100)
5 10000 (100)
6 10000 (100)
7 9999 (99.99)
8 9975 (99.75)
9 9793 (97.93)
10 8428 (84.28)
11 830 (8.3)
Moves: 814.9798 801
Score: 13856.739 13448
Time: 9.087

Epoch #15 of 100
3 10000 (100)
4 10000 (100)
5 10000 (100)
6 9999 (99.99)
7 9992 (99.92)
8 9968 (99.68)
9 9785 (97.85)
10 8391 (83.91)
11 936 (9.36)
Moves: 816.76819 808
Score: 13931.736 13612
Time: 9.13

Epoch #16 of 100
3 10000 (100)
4 10000 (100)
5 10000 (100)
6 10000 (100)
7 9998 (99.98)
8 9979 (99.79)
9 9809 (98.09)
10 8445 (84.45)
11 956 (9.56)
Moves: 827.2428 825
Score: 14123.419 13940
Time: 9.253

Epoch #17 of 100
3 10000 (100)
4 10000 (100)
5 10000 (100)
6 10000 (100)
7 9995 (99.95)
8 9974 (99.74)
9 9798 (97.98)
10 8512 (85.12)
11 1140 (11.4)
Moves: 836.66602 839
Score: 14358.757 14232
Time: 10.797

Epoch #18 of 100
3 10000 (100)
4 10000 (100)
5 10000 (100)
6 10000 (100)
7 9996 (99.96)
8 9963 (99.63)
9 9819 (98.19)
10 8524 (85.24)
11 1159 (11.59)
Moves: 840.53833 845
Score: 14438.368 14370
Time: 10.157

Epoch #19 of 100
3 10000 (100)
4 10000 (100)
5 10000 (100)
6 9999 (99.99)
7 9994 (99.94)
8 9965 (99.65)
9 9809 (98.09)
10 8516 (85.16)
11 1268 (12.68)
Moves: 845.09821 857
Score: 14562.003 14528
Time: 9.349

Epoch #20 of 100
3 10000 (100)
4 10000 (100)
5 10000 (100)
6 10000 (100)
7 9994 (99.94)
8 9968 (99.68)
9 9824 (98.24)
10 8644 (86.44)
11 1353 (13.53)
Moves: 848.06818 866
Score: 14667.293 14636
Time: 9.461

Epoch #21 of 100
3 10000 (100)
4 10000 (100)
5 10000 (100)
6 10000 (100)
7 9994 (99.94)
8 9964 (99.64)
9 9850 (98.5)
10 8651 (86.51)
11 1384 (13.84)
Moves: 852.30652 873.5
Score: 14755.23 14774
Time: 9.536

Epoch #22 of 100
3 10000 (100)
4 10000 (100)
5 10000 (100)
6 10000 (100)
7 9996 (99.96)
8 9970 (99.7)
9 9874 (98.74)
10 8845 (88.45)
11 1555 (15.55)
Moves: 866.64893 892
Score: 15084.912 15160
Time: 9.708

Epoch #23 of 100
3 10000 (100)
4 10000 (100)
5 10000 (100)
6 10000 (100)
7 9997 (99.97)
8 9977 (99.77)
9 9857 (98.57)
10 8804 (88.04)
11 1607 (16.07)
Moves: 861.0824 884
Score: 15008.729 15028
Time: 9.588

Epoch #24 of 100
3 10000 (100)
4 10000 (100)
5 10000 (100)
6 10000 (100)
7 9995 (99.95)
8 9965 (99.65)
9 9879 (98.79)
10 8860 (88.6)
11 1746 (17.46)
Moves: 870.83508 903
Score: 15231.441 15368
Time: 9.689

Epoch #25 of 100
3 10000 (100)
4 10000 (100)
5 10000 (100)
6 10000 (100)
7 9993 (99.93)
8 9966 (99.66)
9 9883 (98.83)
10 8936 (89.36)
11 1880 (18.8)
Moves: 875.979 911
Score: 15375.949 15464
Time: 9.81

Epoch #26 of 100
3 10000 (100)
4 10000 (100)
5 10000 (100)
6 10000 (100)
7 9988 (99.88)
8 9958 (99.58)
9 9866 (98.66)
10 8901 (89.01)
11 1919 (19.19)
Moves: 877.89972 916
Score: 15421.867 15544
Time: 9.782

Epoch #27 of 100
3 10000 (100)
4 10000 (100)
5 10000 (100)
6 10000 (100)
7 9994 (99.94)
8 9968 (99.68)
9 9888 (98.88)
10 8937 (89.37)
11 2026 (20.26)
Moves: 881.04022 921
Score: 15517.228 15648
Time: 9.818

Epoch #28 of 100
3 10000 (100)
4 10000 (100)
5 10000 (100)
6 9999 (99.99)
7 9997 (99.97)
8 9977 (99.77)
9 9872 (98.72)
10 8911 (89.11)
11 2192 (21.92)
Moves: 891.4679 940
Score: 15746.765 15970
Time: 9.923

Epoch #29 of 100
3 10000 (100)
4 10000 (100)
5 10000 (100)
6 10000 (100)
7 9995 (99.95)
8 9948 (99.48)
9 9856 (98.56)
10 8938 (89.38)
11 2276 (22.76)
Moves: 899.59387 951
Score: 15916.458 16140
Time: 10.043

Epoch #30 of 100
3 10000 (100)
4 10000 (100)
5 10000 (100)
6 9999 (99.99)
7 9993 (99.93)
8 9957 (99.57)
9 9860 (98.6)
10 8861 (88.61)
11 2307 (23.07)
Moves: 907.08899 962
Score: 16042.82 16356
Time: 9.851

Epoch #31 of 100
3 10000 (100)
4 10000 (100)
5 10000 (100)
6 9999 (99.99)
7 9991 (99.91)
8 9956 (99.56)
9 9846 (98.46)
10 8802 (88.02)
11 2438 (24.38)
Moves: 914.07037 974
Score: 16202.725 16608
Time: 10.206

Epoch #32 of 100
3 10000 (100)
4 10000 (100)
5 10000 (100)
6 9999 (99.99)
7 9993 (99.93)
8 9949 (99.49)
9 9845 (98.45)
10 8765 (87.65)
11 2523 (25.23)
Moves: 921.97168 980.5
Score: 16358.24 16792
Time: 10.066

Epoch #33 of 100
3 10000 (100)
4 10000 (100)
5 10000 (100)
6 10000 (100)
7 9991 (99.91)
8 9951 (99.51)
9 9850 (98.5)
10 8762 (87.62)
11 2688 (26.88)
Moves: 932.51898 992
Score: 16597.035 17056
Time: 10.349

Epoch #34 of 100
3 10000 (100)
4 10000 (100)
5 10000 (100)
6 9999 (99.99)
7 9991 (99.91)
8 9944 (99.44)
9 9834 (98.34)
10 8730 (87.3)
11 2862 (28.62)
Moves: 938.5141 997.5
Score: 16758.102 17172
Time: 10.233

Epoch #35 of 100
3 10000 (100)
4 10000 (100)
5 10000 (100)
6 10000 (100)
7 9996 (99.96)
8 9954 (99.54)
9 9820 (98.2)
10 8650 (86.5)
11 2827 (28.27)
Moves: 943.3772 1006
Score: 16799.979 17364
Time: 10.433

Epoch #36 of 100
3 10000 (100)
4 10000 (100)
5 10000 (100)
6 9998 (99.98)
7 9993 (99.93)
8 9928 (99.28)
9 9795 (97.95)
10 8606 (86.06)
11 3053 (30.53)
Moves: 944.84418 1009
Score: 16903.078 17524
Time: 10.251

Epoch #37 of 100
3 10000 (100)
4 10000 (100)
5 10000 (100)
6 9998 (99.98)
7 9988 (99.88)
8 9932 (99.32)
9 9779 (97.79)
10 8662 (86.62)
11 3124 (31.24)
Moves: 949.34991 1013
Score: 17010.066 17630
Time: 10.521

Epoch #38 of 100
3 10000 (100)
4 10000 (100)
5 10000 (100)
6 9999 (99.99)
7 9991 (99.91)
8 9917 (99.17)
9 9737 (97.37)
10 8660 (86.6)
11 3406 (34.06)
Moves: 952.3382 1017
Score: 17165.332 17848
Time: 10.554

Epoch #39 of 100
3 10000 (100)
4 10000 (100)
5 10000 (100)
6 10000 (100)
7 9993 (99.93)
8 9931 (99.31)
9 9754 (97.54)
10 8588 (85.88)
11 3648 (36.48)
Moves: 951.5708 1017
Score: 17243.416 18010
Time: 10.514

Epoch #40 of 100
3 10000 (100)
4 10000 (100)
5 10000 (100)
6 10000 (100)
7 9992 (99.92)
8 9927 (99.27)
9 9766 (97.66)
10 8735 (87.35)
11 3911 (39.11)
Moves: 960.26727 1021.5
Score: 17513.928 18530
Time: 10.684

Epoch #41 of 100
3 10000 (100)
4 10000 (100)
5 10000 (100)
6 9999 (99.99)
7 9990 (99.9)
8 9940 (99.4)
9 9779 (97.79)
10 8816 (88.16)
11 4254 (42.54)
Moves: 967.15411 1024
Score: 17771.604 19196
Time: 10.704

Epoch #42 of 100
3 10000 (100)
4 10000 (100)
5 10000 (100)
6 9999 (99.99)
7 9991 (99.91)
8 9922 (99.22)
9 9757 (97.57)
10 8874 (88.74)
11 4475 (44.75)
Moves: 966.5144 1025
Score: 17857.998 19612
Time: 10.724

Epoch #43 of 100
3 10000 (100)
4 10000 (100)
5 10000 (100)
6 9998 (99.98)
7 9992 (99.92)
8 9935 (99.35)
9 9800 (98)
10 8939 (89.39)
11 4713 (47.13)
Moves: 970.8136 1025
Score: 18037.318 20092
Time: 11.128

Epoch #44 of 100
3 10000 (100)
4 10000 (100)
5 10000 (100)
6 9999 (99.99)
7 9993 (99.93)
8 9939 (99.39)
9 9788 (97.88)
10 8896 (88.96)
11 4957 (49.57)
Moves: 969.31488 1026
Score: 18101.273 20480
Time: 11.431

Epoch #45 of 100
3 10000 (100)
4 10000 (100)
5 10000 (100)
6 10000 (100)
7 9992 (99.92)
8 9930 (99.3)
9 9815 (98.15)
10 9046 (90.46)
11 5266 (52.66)
Moves: 973.47699 1026
Score: 18313.996 20952
Time: 11.346

Epoch #46 of 100
3 10000 (100)
4 10000 (100)
5 10000 (100)
6 9996 (99.96)
7 9988 (99.88)
8 9938 (99.38)
9 9816 (98.16)
10 9064 (90.64)
11 5466 (54.66)
Moves: 971.26849 1025
Score: 18357.277 20978
Time: 11.314

Epoch #47 of 100
3 10000 (100)
4 10000 (100)
5 10000 (100)
6 9998 (99.98)
7 9991 (99.91)
8 9936 (99.36)
9 9788 (97.88)
10 9004 (90.04)
11 5664 (56.64)
Moves: 965.89032 1022
Score: 18336.553 20988
Time: 10.826

Epoch #48 of 100
3 10000 (100)
4 10000 (100)
5 10000 (100)
6 9999 (99.99)
7 9992 (99.92)
8 9938 (99.38)
9 9798 (97.98)
10 9026 (90.26)
11 5843 (58.43)
Moves: 965.46338 1021
Score: 18397.178 20992
Time: 11.192

Epoch #49 of 100
3 10000 (100)
4 10000 (100)
5 10000 (100)
6 10000 (100)
7 9992 (99.92)
8 9928 (99.28)
9 9796 (97.96)
10 8890 (88.9)
11 5926 (59.26)
Moves: 957.53943 1019
Score: 18281.613 20984
Time: 11.038

Epoch #50 of 100
3 10000 (100)
4 10000 (100)
5 10000 (100)
6 9999 (99.99)
7 9992 (99.92)
8 9949 (99.49)
9 9836 (98.36)
10 8931 (89.31)
11 6027 (60.27)
Moves: 963.5451 1020
Score: 18425.725 20988
Time: 11.31

Epoch #51 of 100
3 10000 (100)
4 10000 (100)
5 10000 (100)
6 10000 (100)
7 9994 (99.94)
8 9947 (99.47)
9 9853 (98.53)
10 8898 (88.98)
11 6092 (60.92)
Moves: 964.68188 1021
Score: 18466.992 20996
Time: 10.675

Epoch #52 of 100
3 10000 (100)
4 10000 (100)
5 10000 (100)
6 9999 (99.99)
7 9993 (99.93)
8 9941 (99.41)
9 9860 (98.6)
10 8887 (88.87)
11 6146 (61.46)
Moves: 967.75269 1023
Score: 18538.969 21002
Time: 10.695

Epoch #53 of 100
3 10000 (100)
4 10000 (100)
5 10000 (100)
6 9999 (99.99)
7 9993 (99.93)
8 9942 (99.42)
9 9850 (98.5)
10 8891 (88.91)
11 6222 (62.22)
Moves: 967.83337 1021
Score: 18576.82 20996
Time: 10.706

Epoch #54 of 100
3 10000 (100)
4 10000 (100)
5 10000 (100)
6 9998 (99.98)
7 9991 (99.91)
8 9952 (99.52)
9 9879 (98.79)
10 8975 (89.75)
11 6348 (63.48)
Moves: 972.85889 1023
Score: 18722.15 21000
Time: 10.933

Epoch #55 of 100
3 10000 (100)
4 10000 (100)
5 10000 (100)
6 10000 (100)
7 9995 (99.95)
8 9961 (99.61)
9 9866 (98.66)
10 8899 (88.99)
11 6426 (64.26)
Moves: 970.32648 1024
Score: 18701.162 21004
Time: 11.895

Epoch #56 of 100
3 10000 (100)
4 10000 (100)
5 10000 (100)
6 9998 (99.98)
7 9991 (99.91)
8 9964 (99.64)
9 9899 (98.99)
10 9001 (90.01)
11 6526 (65.26)
Moves: 980.08423 1035
Score: 18920.311 21016
Time: 13.397

Epoch #57 of 100
3 10000 (100)
4 10000 (100)
5 10000 (100)
6 9999 (99.99)
7 9997 (99.97)
8 9965 (99.65)
9 9869 (98.69)
10 8968 (89.68)
11 6532 (65.32)
Moves: 976.20258 1029
Score: 18852.291 21008
Time: 12.937

Epoch #58 of 100
3 10000 (100)
4 10000 (100)
5 10000 (100)
6 9999 (99.99)
7 9992 (99.92)
8 9948 (99.48)
9 9898 (98.98)
10 9010 (90.1)
11 6641 (66.41)
Moves: 978.5517 1028
Score: 18947.199 21008
Time: 13.118

Epoch #59 of 100
3 10000 (100)
4 10000 (100)
5 10000 (100)
6 9998 (99.98)
7 9988 (99.88)
8 9958 (99.58)
9 9887 (98.87)
10 9026 (90.26)
11 6708 (67.08)
Moves: 982.71381 1038
Score: 19045.916 21016
Time: 12.207

Epoch #60 of 100
3 10000 (100)
4 10000 (100)
5 10000 (100)
6 10000 (100)
7 9996 (99.96)
8 9957 (99.57)
9 9893 (98.93)
10 9033 (90.33)
11 6642 (66.42)
Moves: 981.24689 1045
Score: 18997.523 21028
Time: 13.214

Epoch #61 of 100
3 10000 (100)
4 10000 (100)
5 10000 (100)
6 9999 (99.99)
7 9994 (99.94)
8 9968 (99.68)
9 9900 (99)
10 9070 (90.7)
11 6732 (67.32)
Moves: 982.29132 1037
Score: 19053.66 21028
Time: 12.167

Epoch #62 of 100
3 10000 (100)
4 10000 (100)
5 10000 (100)
6 10000 (100)
7 9994 (99.94)
8 9965 (99.65)
9 9900 (99)
10 9077 (90.77)
11 6749 (67.49)
Moves: 982.21088 1033
Score: 19058.795 21020
Time: 11.94

Epoch #63 of 100
3 10000 (100)
4 10000 (100)
5 10000 (100)
6 9998 (99.98)
7 9992 (99.92)
8 9963 (99.63)
9 9891 (98.91)
10 9012 (90.12)
11 6807 (68.07)
Moves: 979.00922 1031
Score: 19020.371 21028
Time: 12.009

Epoch #64 of 100
3 10000 (100)
4 10000 (100)
5 10000 (100)
6 10000 (100)
7 9993 (99.93)
8 9959 (99.59)
9 9886 (98.86)
10 9056 (90.56)
11 6872 (68.72)
Moves: 979.16412 1027
Score: 19053.482 21016
Time: 11.682

Epoch #65 of 100
3 10000 (100)
4 10000 (100)
5 10000 (100)
6 9999 (99.99)
7 9997 (99.97)
8 9972 (99.72)
9 9912 (99.12)
10 9087 (90.87)
11 6898 (68.98)
Moves: 981.71112 1027
Score: 19107.811 21024
Time: 12.061

Epoch #66 of 100
3 10000 (100)
4 10000 (100)
5 10000 (100)
6 10000 (100)
7 9997 (99.97)
8 9975 (99.75)
9 9919 (99.19)
10 9100 (91)
11 6960 (69.6)
Moves: 982.65631 1026
Score: 19152.201 21020
Time: 11.929

Epoch #67 of 100
3 10000 (100)
4 10000 (100)
5 10000 (100)
6 10000 (100)
7 9992 (99.92)
8 9974 (99.74)
9 9905 (99.05)
10 9043 (90.43)
11 6961 (69.61)
Moves: 981.45502 1029
Score: 19124.496 21024
Time: 11.705

Epoch #68 of 100
3 10000 (100)
4 10000 (100)
5 10000 (100)
6 9996 (99.96)
7 9987 (99.87)
8 9969 (99.69)
9 9910 (99.1)
10 9095 (90.95)
11 6935 (69.35)
Moves: 983.96051 1030
Score: 19163.641 21024
Time: 11.458

Epoch #69 of 100
3 10000 (100)
4 10000 (100)
5 10000 (100)
6 10000 (100)
7 9994 (99.94)
8 9978 (99.78)
9 9918 (99.18)
10 9100 (91)
11 6872 (68.72)
Moves: 981.97247 1027
Score: 19108.395 21012
Time: 10.747

Epoch #70 of 100
3 10000 (100)
4 10000 (100)
5 10000 (100)
6 9998 (99.98)
7 9985 (99.85)
8 9961 (99.61)
9 9908 (99.08)
10 9122 (91.22)
11 7056 (70.56)
Moves: 983.23151 1026
Score: 19203.1 21016
Time: 10.938

Epoch #71 of 100
3 10000 (100)
4 10000 (100)
5 10000 (100)
6 9999 (99.99)
7 9996 (99.96)
8 9978 (99.78)
9 9915 (99.15)
10 9079 (90.79)
11 7007 (70.07)
Moves: 982.24622 1026
Score: 19165.82 21016
Time: 10.908

Epoch #72 of 100
3 10000 (100)
4 10000 (100)
5 10000 (100)
6 10000 (100)
7 9997 (99.97)
8 9975 (99.75)
9 9927 (99.27)
10 9119 (91.19)
11 7012 (70.12)
Moves: 984.24622 1027
Score: 19202.045 21024
Time: 10.905

Epoch #73 of 100
3 10000 (100)
4 10000 (100)
5 10000 (100)
6 10000 (100)
7 9993 (99.93)
8 9973 (99.73)
9 9900 (99)
10 9095 (90.95)
11 7067 (70.67)
Moves: 981.66852 1025
Score: 19181.311 21016
Time: 10.908

Epoch #74 of 100
3 10000 (100)
4 10000 (100)
5 10000 (100)
6 9999 (99.99)
7 9993 (99.93)
8 9972 (99.72)
9 9910 (99.1)
10 9190 (91.9)
11 7116 (71.16)
Moves: 985.97699 1026
Score: 19286.447 21016
Time: 10.897

Epoch #75 of 100
3 10000 (100)
4 10000 (100)
5 10000 (100)
6 10000 (100)
7 9993 (99.93)
8 9975 (99.75)
9 9912 (99.12)
10 9118 (91.18)
11 7171 (71.71)
Moves: 983.29431 1023
Score: 19256.719 21012
Time: 10.934

Epoch #76 of 100
3 10000 (100)
4 10000 (100)
5 10000 (100)
6 9997 (99.97)
7 9988 (99.88)
8 9970 (99.7)
9 9914 (99.14)
10 9076 (90.76)
11 7022 (70.22)
Moves: 979.39948 1023
Score: 19123.938 21012
Time: 10.89

Epoch #77 of 100
3 10000 (100)
4 10000 (100)
5 10000 (100)
6 9998 (99.98)
7 9993 (99.93)
8 9979 (99.79)
9 9897 (98.97)
10 9145 (91.45)
11 7147 (71.47)
Moves: 983.37372 1023
Score: 19251.42 21012
Time: 10.911

Epoch #78 of 100
3 10000 (100)
4 10000 (100)
5 10000 (100)
6 9999 (99.99)
7 9993 (99.93)
8 9973 (99.73)
9 9905 (99.05)
10 9124 (91.24)
11 7142 (71.42)
Moves: 980.62268 1021
Score: 19198.285 21004
Time: 10.886

Epoch #79 of 100
3 10000 (100)
4 10000 (100)
5 10000 (100)
6 9997 (99.97)
7 9986 (99.86)
8 9972 (99.72)
9 9911 (99.11)
10 9159 (91.59)
11 7143 (71.43)
Moves: 980.19061 1019
Score: 19197.039 21000
Time: 11.017

Epoch #80 of 100
3 10000 (100)
4 10000 (100)
5 10000 (100)
6 10000 (100)
7 9988 (99.88)
8 9957 (99.57)
9 9890 (98.9)
10 9102 (91.02)
11 7207 (72.07)
Moves: 976.76398 1020
Score: 19153.887 21004
Time: 10.887

Epoch #81 of 100
3 10000 (100)
4 10000 (100)
5 10000 (100)
6 9999 (99.99)
7 9995 (99.95)
8 9970 (99.7)
9 9904 (99.04)
10 9119 (91.19)
11 7205 (72.05)
Moves: 977.96832 1020
Score: 19177.658 21004
Time: 10.838

Epoch #82 of 100
3 10000 (100)
4 10000 (100)
5 10000 (100)
6 9998 (99.98)
7 9994 (99.94)
8 9972 (99.72)
9 9910 (99.1)
10 9160 (91.6)
11 7239 (72.39)
Moves: 981.31873 1020
Score: 19252.455 21004
Time: 10.867

Epoch #83 of 100
3 10000 (100)
4 10000 (100)
5 10000 (100)
6 9999 (99.99)
7 9996 (99.96)
8 9980 (99.8)
9 9918 (99.18)
10 9116 (91.16)
11 7265 (72.65)
Moves: 980.15253 1020
Score: 19235.797 21008
Time: 10.857

Epoch #84 of 100
3 10000 (100)
4 10000 (100)
5 10000 (100)
6 10000 (100)
7 9993 (99.93)
8 9972 (99.72)
9 9909 (99.09)
10 9144 (91.44)
11 7182 (71.82)
Moves: 979.15222 1019
Score: 19189.666 21000
Time: 10.853

Epoch #85 of 100
3 10000 (100)
4 10000 (100)
5 10000 (100)
6 9998 (99.98)
7 9995 (99.95)
8 9969 (99.69)
9 9914 (99.14)
10 9158 (91.58)
11 7215 (72.15)
Moves: 978.58801 1019
Score: 19193.57 21004
Time: 10.852

Epoch #86 of 100
3 10000 (100)
4 10000 (100)
5 10000 (100)
6 9999 (99.99)
7 9994 (99.94)
8 9975 (99.75)
9 9901 (99.01)
10 9133 (91.33)
11 7166 (71.66)
Moves: 978.85931 1020
Score: 19177.891 21004
Time: 10.845

Epoch #87 of 100
3 10000 (100)
4 10000 (100)
5 10000 (100)
6 10000 (100)
7 9995 (99.95)
8 9982 (99.82)
9 9909 (99.09)
10 9131 (91.31)
11 7122 (71.22)
Moves: 976.62201 1018
Score: 19123.605 20996
Time: 10.893

Epoch #88 of 100
3 10000 (100)
4 10000 (100)
5 10000 (100)
6 9999 (99.99)
7 9993 (99.93)
8 9976 (99.76)
9 9908 (99.08)
10 9235 (92.35)
11 7316 (73.16)
Moves: 982.04028 1019
Score: 19303.811 21008
Time: 10.885

Epoch #89 of 100
3 10000 (100)
4 10000 (100)
5 10000 (100)
6 9998 (99.98)
7 9994 (99.94)
8 9978 (99.78)
9 9908 (99.08)
10 9110 (91.1)
11 7158 (71.58)
Moves: 975.68793 1019
Score: 19119.383 21004
Time: 10.797

Epoch #90 of 100
3 10000 (100)
4 10000 (100)
5 10000 (100)
6 9998 (99.98)
7 9994 (99.94)
8 9973 (99.73)
9 9898 (98.98)
10 9122 (91.22)
11 7221 (72.21)
Moves: 976.18762 1018
Score: 19150.924 21000
Time: 10.836

Epoch #91 of 100
3 10000 (100)
4 10000 (100)
5 10000 (100)
6 9999 (99.99)
7 9992 (99.92)
8 9970 (99.7)
9 9906 (99.06)
10 9092 (90.92)
11 7127 (71.27)
Moves: 974.2464 1018
Score: 19081.926 20996
Time: 10.801

Epoch #92 of 100
3 10000 (100)
4 10000 (100)
5 10000 (100)
6 9999 (99.99)
7 9995 (99.95)
8 9974 (99.74)
9 9894 (98.94)
10 9080 (90.8)
11 7112 (71.12)
Moves: 972.32898 1017.5
Score: 19039.65 20996
Time: 10.768

Epoch #93 of 100
3 10000 (100)
4 10000 (100)
5 10000 (100)
6 9998 (99.98)
7 9992 (99.92)
8 9974 (99.74)
9 9900 (99)
10 9078 (90.78)
11 7148 (71.48)
Moves: 972.08038 1018
Score: 19046.826 21000
Time: 10.753

Epoch #94 of 100
3 10000 (100)
4 10000 (100)
5 10000 (100)
6 9999 (99.99)
7 9992 (99.92)
8 9970 (99.7)
9 9891 (98.91)
10 9110 (91.1)
11 7317 (73.17)
Moves: 975.34821 1018
Score: 19173.689 21004
Time: 10.78

Epoch #95 of 100
3 10000 (100)
4 10000 (100)
5 10000 (100)
6 9998 (99.98)
7 9991 (99.91)
8 9974 (99.74)
9 9908 (99.08)
10 9198 (91.98)
11 7274 (72.74)
Moves: 977.17932 1018
Score: 19199.41 21000
Time: 10.824

Epoch #96 of 100
3 10000 (100)
4 10000 (100)
5 10000 (100)
6 10000 (100)
7 9992 (99.92)
8 9974 (99.74)
9 9885 (98.85)
10 9136 (91.36)
11 7230 (72.3)
Moves: 976.1524 1018
Score: 19157.514 21002
Time: 10.801

Epoch #97 of 100
3 10000 (100)
4 10000 (100)
5 10000 (100)
6 9999 (99.99)
7 9993 (99.93)
8 9978 (99.78)
9 9902 (99.02)
10 9157 (91.57)
11 7240 (72.4)
Moves: 974.5766 1018
Score: 19135.09 21000
Time: 10.755

Epoch #98 of 100
3 10000 (100)
4 10000 (100)
5 10000 (100)
6 9999 (99.99)
7 9993 (99.93)
8 9975 (99.75)
9 9901 (99.01)
10 9118 (91.18)
11 7272 (72.72)
Moves: 974.06348 1018
Score: 19134.963 21000
Time: 10.817

Epoch #99 of 100
3 10000 (100)
4 10000 (100)
5 10000 (100)
6 9999 (99.99)
7 9989 (99.89)
8 9969 (99.69)
9 9883 (98.83)
10 9101 (91.01)
11 7241 (72.41)
Moves: 971.2019 1016
Score: 19069.521 20996
Time: 10.76

Epoch #100 of 100
3 10000 (100)
4 10000 (100)
5 10000 (100)
6 9998 (99.98)
7 9990 (99.9)
8 9971 (99.71)
9 9896 (98.96)
10 9099 (90.99)
11 7164 (71.64)
Moves: 971.10272 1017
Score: 19039.197 20992
Time: 10.754

Running 100000 testing games
3 100000 (100)
4 100000 (100)
5 100000 (100)
6 99982 (99.982)
7 99907 (99.907)
8 99646 (99.646)
9 98854 (98.854)
10 91042 (91.042)
11 72249 (72.249)
Moves: 972.1803 1017
Score: 19084.449 20996
qpwoeirut@Stanleys-MacBook-Pro-3 machine_learning % 
